<?xml version="1.0" encoding="utf-8"?>
<!-- Generator: Adobe Illustrator 16.0.0, SVG Export Plug-In . SVG Version: 6.00 Build 0)  -->
<!DOCTYPE svg PUBLIC "-//W3C//DTD SVG 1.1//EN" "http://www.w3.org/Graphics/SVG/1.1/DTD/svg11.dtd">
<svg version="1.1" id="Layer_1" xmlns="http://www.w3.org/2000/svg" xmlns:xlink="http://www.w3.org/1999/xlink" x="0px" y="0px"
	 width="105.895px" height="49.094px" viewBox="0 0 105.895 49.094" enable-background="new 0 0 105.895 49.094"
	 xml:space="preserve">
<g>
	<polygon fill="#F3AD68" points="2.568,23.284 2.568,20.674 2.568,18.105 5.137,18.105 5.137,15.537 7.747,15.537 7.747,12.926 
		10.315,12.926 10.315,10.358 12.884,10.358 15.495,10.358 18.063,10.358 20.632,10.358 20.632,7.79 20.632,5.179 23.242,5.179 
		25.811,5.179 28.421,5.179 30.989,5.179 30.989,7.79 33.558,7.79 36.169,7.79 38.737,7.79 38.737,5.179 38.737,2.61 41.306,2.61 
		41.306,0 43.916,0 46.484,0 49.053,0 49.053,2.61 51.663,2.61 51.663,5.179 54.231,5.179 56.842,5.179 59.41,5.179 59.41,2.61 
		61.979,2.61 64.59,2.61 67.158,2.61 69.727,2.61 69.727,5.179 69.727,7.79 72.337,7.79 74.905,7.79 77.474,7.79 80.084,7.79 
		82.652,7.79 82.652,10.358 85.221,10.358 85.221,12.926 85.221,15.537 87.832,15.537 90.4,15.537 90.4,18.105 93.011,18.105 
		95.579,18.105 98.147,18.105 100.758,18.105 100.758,20.674 103.326,20.674 103.326,23.284 105.895,23.284 105.895,25.852 
		105.895,28.42 103.326,28.42 103.326,25.852 100.758,25.852 100.758,23.284 98.147,23.284 98.147,20.674 95.579,20.674 
		93.011,20.674 90.4,20.674 87.832,20.674 85.221,20.674 85.221,23.284 82.652,23.284 80.084,23.284 80.084,20.674 80.084,18.105 
		82.652,18.105 82.652,15.537 80.084,15.537 80.084,12.926 80.084,10.358 77.474,10.358 74.905,10.358 72.337,10.358 69.727,10.358 
		67.158,10.358 67.158,7.79 64.59,7.79 61.979,7.79 59.41,7.79 59.41,10.358 59.41,12.926 56.842,12.926 54.231,12.926 
		54.231,10.358 51.663,10.358 49.053,10.358 49.053,7.79 46.484,7.79 46.484,10.358 43.916,10.358 41.306,10.358 38.737,10.358 
		38.737,12.926 38.737,15.537 36.169,15.537 33.558,15.537 33.558,12.926 30.989,12.926 30.989,10.358 28.421,10.358 25.811,10.358 
		23.242,10.358 23.242,12.926 20.632,12.926 18.063,12.926 15.495,12.926 12.884,12.926 12.884,15.537 10.315,15.537 10.315,18.105 
		7.747,18.105 7.747,20.674 5.137,20.674 5.137,23.284 5.137,25.852 2.568,25.852 2.568,28.42 2.568,31.032 0,31.032 0,28.42 
		0,25.852 0,23.284 	"/>
	<polygon fill="#F19849" points="2.568,28.42 2.568,25.852 5.137,25.852 5.137,23.284 5.137,20.674 7.747,20.674 7.747,18.105 
		10.315,18.105 10.315,15.537 12.884,15.537 12.884,12.926 15.495,12.926 18.063,12.926 20.632,12.926 23.242,12.926 23.242,10.358 
		25.811,10.358 28.421,10.358 30.989,10.358 30.989,12.926 33.558,12.926 33.558,15.537 36.169,15.537 38.737,15.537 38.737,12.926 
		38.737,10.358 41.306,10.358 43.916,10.358 46.484,10.358 46.484,7.79 49.053,7.79 49.053,10.358 51.663,10.358 54.231,10.358 
		54.231,12.926 56.842,12.926 59.41,12.926 59.41,10.358 59.41,7.79 61.979,7.79 64.59,7.79 67.158,7.79 67.158,10.358 
		69.727,10.358 72.337,10.358 74.905,10.358 77.474,10.358 80.084,10.358 80.084,12.926 80.084,15.537 82.652,15.537 82.652,18.105 
		80.084,18.105 80.084,20.674 80.084,23.284 82.652,23.284 85.221,23.284 85.221,20.674 87.832,20.674 90.4,20.674 93.011,20.674 
		95.579,20.674 98.147,20.674 98.147,23.284 100.758,23.284 100.758,25.852 103.326,25.852 103.326,28.42 105.895,28.42 
		105.895,31.032 105.895,33.6 105.895,36.168 105.895,38.779 103.326,38.779 100.758,38.779 98.147,38.779 95.579,38.779 
		95.579,41.347 93.011,41.347 90.4,41.347 90.4,43.958 87.832,43.958 85.221,43.958 82.652,43.958 82.652,41.347 80.084,41.347 
		77.474,41.347 74.905,41.347 72.337,41.347 69.727,41.347 67.158,41.347 64.59,41.347 64.59,43.958 61.979,43.958 59.41,43.958 
		56.842,43.958 54.231,43.958 51.663,43.958 49.053,43.958 46.484,43.958 43.916,43.958 41.306,43.958 41.306,41.347 38.737,41.347 
		36.169,41.347 33.558,41.347 30.989,41.347 30.989,38.779 28.421,38.779 25.811,38.779 23.242,38.779 20.632,38.779 18.063,38.779 
		15.495,38.779 15.495,36.168 12.884,36.168 12.884,33.6 10.315,33.6 7.747,33.6 5.137,33.6 2.568,33.6 0,33.6 0,31.032 
		2.568,31.032 	"/>
	<polygon fill="#D37730" points="10.315,33.6 12.884,33.6 12.884,36.168 15.495,36.168 15.495,38.779 18.063,38.779 20.632,38.779 
		23.242,38.779 25.811,38.779 28.421,38.779 30.989,38.779 30.989,41.347 33.558,41.347 36.169,41.347 38.737,41.347 41.306,41.347 
		41.306,43.958 43.916,43.958 46.484,43.958 49.053,43.958 51.663,43.958 54.231,43.958 56.842,43.958 59.41,43.958 61.979,43.958 
		64.59,43.958 64.59,41.347 67.158,41.347 69.727,41.347 72.337,41.347 74.905,41.347 77.474,41.347 80.084,41.347 82.652,41.347 
		82.652,43.958 85.221,43.958 87.832,43.958 90.4,43.958 90.4,41.347 93.011,41.347 95.579,41.347 95.579,38.779 98.147,38.779 
		100.758,38.779 103.326,38.779 103.326,41.347 100.758,41.347 100.758,43.958 98.147,43.958 95.579,43.958 93.011,43.958 
		93.011,46.526 90.4,46.526 87.832,46.526 85.221,46.526 82.652,46.526 80.084,46.526 77.474,46.526 74.905,46.526 72.337,46.526 
		69.727,46.526 67.158,46.526 64.59,46.526 64.59,49.094 61.979,49.094 59.41,49.094 56.842,49.094 54.231,49.094 51.663,49.094 
		49.053,49.094 46.484,49.094 43.916,49.094 41.306,49.094 38.737,49.094 38.737,46.526 36.169,46.526 33.558,46.526 30.989,46.526 
		30.989,43.958 28.421,43.958 25.811,43.958 23.242,43.958 20.632,43.958 18.063,43.958 15.495,43.958 12.884,43.958 10.315,43.958 
		10.315,41.347 10.315,38.779 7.747,38.779 7.747,36.168 5.137,36.168 5.137,33.6 7.747,33.6 	"/>
</g>
</svg>
